function y = test456(x)
% y1 = 945/325.*(x-25)+55;
% y2 = 0.94.*(x-25).*(x-25)+1010;
y3 = 8950/325.*(x-25)+1000+50;
y=y3;
end
% x = 1:5;
% y = [4 5 8 4 1];
% plot(x,y,x,y,'ro')